image_width: 640
image_height: 420
camera_name: csi_cam_0
camera_matrix:
  rows: 3
  cols: 3
  data: [421.904734, 0.000000, 318.633225,
0.000000 ,458.671242, 243.939143,
0.000000, 0.000000, 1.000000
]
distortion_model: plumb_bob
distortion_coefficients:
  rows: 1
  cols: 5
  data: [-0.339734, 0.116046, -0.001201, 0.000612, 0.000000,
]
rectification_matrix:
  rows: 3
  cols: 3
  data: [1.000000, 0.000000, 0.000000,
0.000000, 1.000000, 0.000000,
0.000000, 0.000000, 1.000000]
projection_matrix:
  rows: 3
  cols: 4
  data: [325.939270, 0.000000, 314.682883, 0.000000,
0.000000, 420.112732, 249.321814, 0.000000,
0.000000, 0.000000, 1.000000, 0.000000
]
